00000000000000000000000000000000
00000010000000000000000000000000
00000100000000000000000000000000
00000110000000000000000000000000
00001000000000000000000000000000
00010000000000000000000000000000
00010100001110000000000000000000
00011100000110000000000000000000
00011110000010000000000000000000
00010010100000000000000000000000
00010111000000000000000000000000
00100000100010000000000000000000
00100100000111000000000000000000
00100110000010100000000000000000
00101000111001010000000000000000
00101011101110010000000000000000
00111010000000000000000000000000
00000000000000000000000000000101
00111010010000000000000000000000
11111111111111111111111111111101
00111010100000000000000000000000
00000000000000000000000000010000
00111010110000000000000000000000
00000000000000000000000000001011
00111011000000000000000000000000
11111111111111111111111100000001
00111011010000000000000000000000
11111111111111111111111111110000
00111000010100000000000000000000
00000000000000000000000000000111
00111000111000000000000000000000
11111111111111111111111111111111
00111001011100000000000000000000
00000000000000000000101010111100
00111001110000000000000000000000
11111111111111111111111111110001
00110000000000000000000000000000
00000000000000000000000000001010
00110010000000000000000000000000
11111111111111111111111111111011
00110100000000000000000000000000
00000000000000000000000001000000
00110110000000000000000000000000
00000000000000000000000000000110
00011000000000000000000000000000
11111111111111111111111100111000
00011010000000000000000000000000
00000000000000000000001111101000
00111100000010000000000000000000
00000000000000000000000000001100
00111100100110000000000000000000
11111111111111111111111111111100
00111101001100000000000000000000
00000000000000000000000000100000
00111101111010000000000000000000
00000000000000000000000000000101
00111110000010100000000000000000
00000000000000000000000000001000
00111110000111000000000000000000
11111111111111111111111111110000
00111110001011110000000000000000
00000000000000000000000000110000
00111110000001100000000000000000
00000000000000000000000000001000
